 SANS2D Wed 11-MAY-2016 12:15 Workspace: 33837rear_1D_1.75_16.5_cloned_temp
 MH4_5deg_16T_SLOW
   66    0    0    0    1   66    0
         0         0         0         0
 3 (F12.5,2E16.6)
     0.00416    5.416095e+00    6.152248e-01
     0.00449    4.321884e+00    4.207887e-01
     0.00485    3.964707e+00    3.388433e-01
     0.00524    4.612869e+00    2.903964e-01
     0.00566    4.542805e+00    2.418420e-01
     0.00611    5.194083e+00    2.125900e-01
     0.00660    5.875732e+00    1.968910e-01
     0.00713    7.245021e+00    1.780568e-01
     0.00770    1.108808e+01    1.910459e-01
     0.00832    1.835841e+01    2.105329e-01
     0.00898    2.419389e+01    2.072135e-01
     0.00970    2.819664e+01    1.980554e-01
     0.01048    2.640715e+01    1.633131e-01
     0.01131    2.423605e+01    1.399570e-01
     0.01222    2.171905e+01    1.172246e-01
     0.01320    1.864546e+01    9.679241e-02
     0.01425    1.587846e+01    8.049158e-02
     0.01539    1.333513e+01    6.624093e-02
     0.01662    1.168505e+01    5.695218e-02
     0.01795    9.749254e+00    4.718754e-02
     0.01939    8.373253e+00    4.026391e-02
     0.02094    7.275842e+00    3.450732e-02
     0.02262    6.212957e+00    2.936392e-02
     0.02443    5.351405e+00    2.516975e-02
     0.02638    4.568353e+00    2.140836e-02
     0.02849    3.925393e+00    1.840987e-02
     0.03077    3.351827e+00    1.570593e-02
     0.03323    2.823761e+00    1.331712e-02
     0.03589    2.478058e+00    1.158037e-02
     0.03876    2.123117e+00    9.890513e-03
     0.04186    1.860400e+00    8.614498e-03
     0.04521    1.644975e+00    7.455689e-03
     0.04883    1.478595e+00    6.595785e-03
     0.05273    1.353427e+00    5.832131e-03
     0.05695    1.256460e+00    5.250327e-03
     0.06151    1.189870e+00    4.763783e-03
     0.06643    1.141740e+00    4.357911e-03
     0.07174    1.087762e+00    3.995446e-03
     0.07748    1.049967e+00    3.681905e-03
     0.08368    1.012423e+00    3.417788e-03
     0.09037    9.885426e-01    3.192774e-03
     0.09760    9.701529e-01    3.010209e-03
     0.10541    9.670020e-01    2.871750e-03
     0.11385    9.841143e-01    2.780976e-03
     0.12295    1.100923e+00    2.845843e-03
     0.13279    1.376242e+00    3.104588e-03
     0.14341    1.339313e+00    3.008720e-03
     0.15489    9.624983e-01    2.532710e-03
     0.16728    8.535530e-01    2.396709e-03
     0.18066    8.711786e-01    2.453834e-03
     0.19511    1.063908e+00    2.782900e-03
     0.21072    1.285218e+00    3.189625e-03
     0.22758    1.070454e+00    3.098555e-03
     0.24578    8.389324e-01    2.945424e-03
     0.26545    7.892265e-01    3.104757e-03
     0.28668    7.884936e-01    3.399528e-03
     0.30962    8.018930e-01    3.878181e-03
     0.33439    7.957582e-01    4.433772e-03
     0.36114    7.708718e-01    5.048236e-03
     0.39003    7.533704e-01    6.034835e-03
     0.42123    7.247641e-01    7.355429e-03
     0.45493    6.802191e-01    9.631114e-03
     0.49132    6.393758e-01    1.316514e-02
     0.53063    6.371144e-01    1.875146e-02
     0.57308    6.445568e-01    3.739084e-02
     0.61892    3.369791e-01    1.936513e-01
